11315331508
-886641806
9619101462
2134426909
3167476955
-4799415442
4219330351
-4340491947
-16476563852
-15520686622
-596264042
5231679643
5115304712
24295281608
-16270073569
-6451470654
4331751137
-16978010735
8668924467
1252541584
7801166583
3929195313
-12587336092
4243366894
-6421750218
-588958214
-15450305767
9620351272
-7201171761
-6287989415
3430644759
5923653869
3376506739
-7301144307
-2991217248
4687501224
-2160428918
-8070458487
-2836823218
-11687372526
-6370997220
7827862557
-10907705260
12149058612
-2819958937
8828565254
942663589
3501188122
-14755361220
16207256009
-14891075538
4175195780
-131530738
-2443218730
700266101
7960050720
7136538289
-2003394089
-1817295080
3152050892
16162327928
16476593580
-11622677153
19785486759
1450282321
-1201014961
-2134970822
-2061344746
-5175596487
-6600760430
2457789725
6925839803
-6767151567
7047523755
11773416401
-3483529539
-6495651460
-812107354
-1309629682
-9194545368
21497976134
-7389829775
5360814732
8549951864
-19260750066
