11761.0,7246.0,13830.0,16422.0,8850.0,8229.0,11490.0,15059.0,9831.0,8365.0,11614.0,12952.0,14783.0,11039.5,7296.0,9303.0,9032.0,16132.0,11716.0,14583.0,11705.0,8464.0,14956.0,10046.0,19860.0,11456.0,6830.0,8075.0,10202.0,17326.0,13986.0,17936.0,11775.0,15106.0,18437.0,12298.5,19489.0,13973.0,11830.0,10723.0,9616.0,13808.0,18665.0,
19230.0,16863.0,8698.0,9022.0,16332.0,11533.0,11301.0,9882.0,19873.0,10745.0,12897.0,8049.0,11702.0,
17766.0,10928.0,9365.0,18406.0,15117.0,18634.0,11173.0,11875.0,13210.0,17909.0,16689.0,12275.0,18204.0,14674.5,11145.0,14894.0,10635.5,17467.0,14260.0,17416.0,9064.0,11821.0,18961.0,11351.0,16300.0,8688.0,16669.0,
10925.0,15431.0,12880.0,15004.0,16362.0,7770.0,19640.0,11053.0,12118.0,17603.0,18912.0,17807.0,13620.0,13371.0,14618.0,17174.0,12131.0,17010.0,17919.0,17128.0,9517.0,17487.0,17625.0,13626.0,18302.0,15334.0,17943.0,17036.0,16129.0,15822.5,15516.0,7553.0,15161.0,19659.0,17230.0,15380.0,8989.0,15724.0,12202.0,10336.0,15950.0,18120.0,
10978.0,7310.0,17989.0,13086.0,19476.0,10959.0,16999.0,9486.0,16734.0,14619.0,12008.0,19829.0,19149.0,13097.0,8170.0,6824.0,18846.0,17860.0,7571.0,16295.0,13031.0,9206.0,12900.0,12484.0,12068.0,11150.0,12485.0,9408.5,19067.0,8655.0,9618.5,10582.0,15115.0,15813.0,10134.0,12015.0,17233.0,7304.0,19853.0,10870.0,19234.0,16148.0,15022.0,9191.0,13601.0,9101.0,9883.0,15712.0,12055.0,
8818.0,17596.0,8020.0,16219.0,14398.0,11389.0,7745.0,19731.0,12203.0,9383.0,13782.5,18182.0,12732.0,12157.0,6865.0,8718.0,18070.0,13629.0,15645.0,12101.0,7475.0,16641.0,16957.0,6731.0,14838.0,14823.0,17959.0,7335.0,17361.0,
14279.0,11468.0,10412.0,17829.0,14482.0,11358.0,9884.0,7049.0,19135.0,8291.0,8174.0,10417.5,12661.0,16548.0,10476.0,12043.0,17383.0,12270.0,9428.0,7152.0,11865.0,7518.0,11583.0,18784.0,14023.5,9263.0,14960.0,12868.0,9615.0,9341.0,7388.0,19179.0,16316.0,15137.0,6907.0,13296.0,7597.0,13144.0,15910.0,7633.0,11733.0,14052.0,7949.0,13785.0,7833.0,18415.0,7615.0,19742.0,9038.5,17208.0,13499.0,14394.0,14960.0,18555.0,17023.0,
15112.0,12398.0,11102.0,17190.0,19562.0,7771.0,10046.0,14832.0,11797.0,18550.0,9738.0,17994.0,8615.0,15843.0,17103.0,18186.0,18476.0,8389.0,6972.5,13298.0,16082.0,6774.0,8088.0,17022.0,9229.0,17467.0,13987.0,16058.0,11477.5,6897.0,13377.0,16407.0,12015.0,15102.0,17583.0,11170.0,15261.0,17081.0,14242.0,9147.0,10255.0,9631.0,13876.0,14385.0,14756.0,12800.0,17254.0,13971.0,9949.0,14732.0,15857.0,7489.0,
13090.0,12340.0,14000.0,15270.0,12489.0,18584.0,9981.0,7353.0,18538.0,16459.5,14381.0,15399.0,14453.0,13661.0,17913.0,15252.0,8544.0,8511.0,11004.5,13498.0,10803.5,15505.0,19117.0,13015.0,12692.0,10234.0,17472.0,12512.0,9656.0,6800.0,8310.0,13608.5,18907.0,13913.0,19235.0,12871.0,11875.0,17606.0,11396.0,9406.0,7721.0,19013.0,8884.0,8737.0,11694.0,9701.0,9817.5,9934.0,14163.0,17151.0,16235.0,12461.0,10390.0,8319.0,16356.0,10682.0,11038.0,
19254.0,16546.0,17031.0,9618.0,7188.0,16514.0,18384.0,15039.0,18216.0,11351.0,15491.0,15530.0,15799.5,16069.0,12674.0,9067.0,17204.0,8834.0,9103.0,17445.0,9620.0,11826.0,7993.0,12074.0,14117.0,10392.0,7650.0,7516.0,7092.0,12407.0,13317.0,13339.0,
10459.0,18589.0,12714.0,16117.0,18764.0,13992.0,8783.0,10524.0,14361.0,9278.0,17731.0,15869.0,11987.0,15255.0,15337.0,13730.0,19325.0,9848.0,11992.0,
17236.0,13461.0,8063.0,9058.0,7065.0,9846.0,18990.0,10958.0,7096.0,12567.0,17366.0,9473.0,10095.0,11137.0,12179.0,16064.0,15738.0,19931.0,14239.0,14785.0,8195.0,7069.0,9754.0,14324.0,8504.0,13892.0,13036.0,7886.0,
14737.0,12140.0,14156.0,13547.0,17815.0,15864.0,13715.0,16664.0,9650.0,7529.0,18363.0,11228.0,7177.0,12202.0,18960.0,19343.0,19726.0,12438.0,17966.0,18814.0,16933.0,17038.0,17638.0,7603.0,7250.0,17139.0,16902.0,15526.0,7261.0,18224.0,9582.0,16629.0,8147.0,11913.0,8908.0,14041.0,18706.0,19653.0,13164.0,10246.0,7328.0,16306.0,13122.0,11832.0,
9485.0,9708.0,7014.0,11551.0,10277.0,13437.0,17725.0,7923.0,15097.0,9291.0,15055.0,19901.0,17533.0,14099.0,9643.0,13221.0,16804.0,19793.0,19938.0,17278.0,13155.0,13889.0,19572.0,11680.0,11019.0,14577.0,18089.0,17712.0,10727.0,12801.0,17355.0,
8050.0,17189.0,18131.0,16362.0,19343.0,13049.0,8720.0,8137.0,15069.0,19702.0,18318.0,8055.0,15226.0,16270.0,19226.0,14412.0,16740.0,17142.0,12273.0,9358.0,18856.0,14456.0,8511.0,10037.0,12705.0,8126.0,19056.0,16449.0,16296.0,18445.0,18983.0,11586.0,14012.0,16122.5,18233.0,7437.0,19728.0,10164.0,19247.0,18631.5,18016.0,17665.0,7107.0,19556.0,18001.0,7795.0,15882.0,16328.0,10431.0,18897.0,9749.0,10233.0,
7023.0,9607.0,11842.0,9076.0,11176.0,15028.0,8433.0,9009.0,11535.0,16794.0,19641.0,12724.0,9773.0,14452.0,10907.0,8964.0,7021.0,9920.0,8960.0,17025.0,16287.0,10949.0,14348.0,15898.0,17307.0,18716.0,8703.0,18682.0,13877.0,
9356.0,12083.0,7442.0,19915.0,14649.0,12458.0,16678.0,11403.0,8001.0,17459.0,9698.0,10739.0,10694.0,14229.0,16097.0,7698.0,16624.0,18501.0,17714.0,19118.0,9064.0,10947.0,17320.0,11587.0,7616.0,16699.0,8162.0,15813.0,19779.0,14328.0,8877.0,11224.0,9313.0,17381.0,9530.0,9512.0,
13418.0,7151.0,10081.0,6898.0,7248.0,10711.0,8252.0,19209.0,7383.0,11938.0,9084.5,14188.0,19682.0,17476.0,7456.0,10476.0,13496.0,13133.0,13766.0,9033.0,9133.0,9466.5,9800.0,7219.0,13858.0,17582.0,9482.0,13813.0,16553.5,19294.0,17173.0,18113.0,7723.0,11270.0,9918.0,12387.0,19179.0,
6824.0,19204.0,9546.0,9250.0,9098.0,13042.0,9518.0,16903.0,18079.0,19013.0,11824.0,17312.0,7007.0,14908.0,13508.0,16355.0,7484.0,16692.0,13934.0,19744.0,10714.0,12402.0,8474.0,9480.0,10486.0,18316.0,17485.0,10224.0,13522.0,15365.0,17208.0,10476.0,10524.0,17901.0,19543.0,15120.0,9084.0,13979.0,
19002.0,17538.0,18956.0,12510.0,10215.0,9038.0,7230.0,16791.0,11290.0,16126.0,10162.0,10634.0,9262.0,18501.0,16774.0,12763.0,14780.0,10417.0,15116.0,14943.0,11067.0,7191.0,18205.0,17444.0,17464.0,9822.0,9572.0,15570.0,14869.5,14169.0,18471.0,13954.0,16296.0,13425.0,
17710.0,16079.0,16293.0,18282.0,18684.0,13892.0,15793.0,12717.0,17208.0,19350.0,14213.0,8840.0,14282.0,10785.0,7288.0,11655.0,16022.0,18814.0,13803.0,10736.0,9768.0,19934.0,9512.0,13803.0,19936.0,17182.0,14428.0,13541.0,11959.0,10377.0,15922.0,18002.0,18150.0,18467.0,13996.0,16968.0,10808.0,15153.0,15117.0,16002.0,15858.0,18235.0,10579.0,
16994.0,13552.0,14319.0,17151.0,16074.0,15075.0,15361.0,13672.0,15571.0,12650.5,9730.0,7688.0,16604.0,19461.0,12640.0,12226.0,13531.0,15945.0,18359.0,17996.0,11268.0,19520.0,17720.0,13838.0,16879.0,19920.0,16873.0,8900.0,15435.0,13709.0,15158.0,10947.0,7609.5,9289.0,19157.0,16495.0,14065.0,15542.0,11981.0,11500.0,8580.5,17973.0,17399.0,16825.0,9271.0,12135.0,10032.0,19155.0,8706.0,17813.0,6890.0,14822.0,9271.0,
9288.0,11991.0,10371.0,7141.0,8105.0,16957.0,15065.0,8852.5,13098.0,12708.0,18338.0,14584.0,15721.0,11879.0,8095.0,10435.0,
18019.0,19464.0,15754.0,18978.0,12401.0,15058.0,11594.0,14233.0,9237.0,8841.0,11002.0,12896.0,8432.0,15494.0,18089.0,15309.0,7252.0,14097.0,18642.0,18296.0,7403.0,9834.0,12624.0,
8757.0,14119.0,18998.0,13813.0,15285.0,17964.0,18310.0,11065.0,12818.0,19979.0,6763.0,17476.0,7349.0,17218.0,17516.0,11127.0,15571.0,
13035.0,15452.0,16973.0,18962.0,7149.0,11964.0,16321.0,13199.0,16571.0,8015.0,19154.0,14056.0,16111.0,13670.0,9856.0,19370.0,11729.0,8841.0,10803.0,12765.0,12448.5,12132.0,10304.0,14150.0,17606.0,12133.0,15706.0,6894.0,12796.0,11051.0,17065.0,12503.0,8426.0,17731.0,14602.0,
7710.0,18380.0,11301.0,10282.0,13787.0,14288.0,19987.0,8047.0,13111.0,15494.0,15998.0,8255.0,16739.0,7181.0,13672.0,17602.0,15767.0,16467.0,7162.0,18184.0,14487.0,8354.5,15437.0,11670.0,14094.0,7627.0,13453.0,15382.0,17311.0,8133.0,11647.0,8698.0,14383.0,16516.0,13651.0,17545.0,14316.0,14743.0,19204.0,11650.0,7441.0,16118.0,7875.0,16889.0,12098.0,14668.0,
16568.0,16770.0,12755.0,19298.0,7639.0,18366.0,6868.0,11226.5,15585.0,8288.0,14052.0,18338.0,12230.0,16334.0,11691.5,7049.0,10830.0,18622.0,18375.0,18020.0,16432.0,11200.0,
7678.0,13469.0,17005.0,8734.0,11983.0,19137.0,9488.0,9599.0,15784.0,10549.0,12277.5,14006.0,8061.0,11776.0,8823.0,14849.0,17987.0,12899.0,11526.0,18982.0,7270.0,
10904.0,19475.0,10597.0,19207.0,10144.0,12761.0,17804.0,10573.0,12003.0,17644.0,8087.0,12507.0,12636.0,12210.0,13468.0,13077.0,8067.0,9248.0,12402.0,17289.0,17721.0,17553.0,9588.5,10702.0,12272.0,18522.0,9643.0,12614.0,15155.0,8216.0,16890.0,
15140.0,8849.0,18125.0,11279.0,18263.0,7714.0,15361.0,7550.0,17237.0,12405.0,10656.0,11272.0,12238.0,10939.0,
17440.0,12704.0,19005.0,7739.0,12122.0,11634.0,9123.0,8901.0,11650.0,15177.0,18583.0,11422.0,16259.0,14972.0,9120.0,16426.0,8686.5,11624.0,9157.0,11572.0,10623.0,19009.0,9204.0,10066.0,14752.0,14847.0,11116.0,18432.0,19853.0,13768.0,12799.0,12837.0,14686.0,9527.0,12155.0,13805.0,15455.0,15528.0,10095.0,8627.5,7160.0,9094.5,11029.0,10082.0,12218.5,18929.0,18936.0,18943.0,12046.0,17501.0,12502.0,18884.0,6802.0,15220.0,
16555.0,8305.0,13235.0,15171.0,9479.0,7182.0,14349.0,17499.0,16526.0,7280.0,10359.0,10759.0,11159.0,10003.0,9020.0,8037.0,13639.0,13382.0,11718.0,9430.0,11082.0,14868.0,11121.5,19279.0,16288.0,17023.0,8097.0,9996.0,9055.0,12089.0,8449.0,12812.0,
11185.0,8320.0,16645.0,13898.0,18764.0,6955.0,11781.0,16038.0,10043.0,8894.0,7745.0,16772.0,16030.0,11688.0,10490.0,16535.0,16059.0,12611.0,15283.0,16922.0,16746.0,10990.0,10365.0,9740.0,18469.0,6965.0,17542.0,9984.0,12678.0,9755.0,6832.0,11752.0,9011.0,16248.0,7405.0,13186.0,7037.0,15454.0,13179.0,10835.0,9789.0,16851.0,18932.0,11446.0,12427.0,
14497.0,14925.0,18100.0,9387.0,14956.0,6923.0,17177.0,11275.0,10683.5,10092.0,7410.0,19184.0,9817.0,10399.0,
12199.0,10269.0,18128.0,9024.0,11742.0,10129.0,11083.0,19152.0,15286.0,19456.0,18063.0,16787.0,14887.0,19320.0,10429.0,10638.5,19739.0,6764.0,16455.0,13727.0,9702.0,8081.0,18108.0,10662.0,11898.0,14739.0,12971.0,
18618.0,15760.0,9226.0,13358.0,12988.0,16227.0,10293.0,19154.0,10021.0,9793.0,16835.0,12795.0,13107.0,18490.0,9101.0,12937.0,9028.0,18522.0,6742.0,9704.0,17164.0,19975.0,
18524.0,17562.0,19116.0,14094.0,9239.0,7994.0,19545.0,15603.0,10156.0,8964.0,16846.0,16270.0,14006.0,13128.0,19370.0,14283.0,12147.0,9925.5,7704.0,19486.0,9583.0,8353.5,15421.0,9947.0,19992.0,11314.0,18639.0,7931.0,17367.0,7987.0,13260.0,11702.0,10974.0,17742.0,9426.0,15667.0,7450.0,15032.0,17088.0,17204.0,13973.0,11939.0,10115.0,19405.0,9062.0,19838.0,13516.5,7195.0,7975.0,13341.0,18707.0,19091.0,18995.0,
10933.0,8229.0,19651.0,18871.0,12374.0,17381.0,15725.0,7065.0,18186.0,14604.0,15603.0,18008.0,9376.0,11029.0,19265.0,10246.0,7137.0,
19582.0,16528.0,9833.0,19894.0,18663.0,12275.0,7258.0,13277.0,9913.0,15213.0,9085.0,18425.0,7921.0,6820.0,8892.0,6854.5,13453.0,10553.0,7783.0,6971.0,19706.0,
15235.0,12950.0,18384.0,18277.0,7080.0,8783.0,11579.0,14200.0,16900.0,6964.0,13641.0,6885.0,9011.0,10715.0,9123.0,12698.0,15602.0,19203.0,17813.0,11576.0,9705.0,10885.0,15511.0,12588.0,17354.0,19427.0,14966.0,16369.0,17654.0,15924.5,14195.0,9058.0,16411.0,10937.0,7447.0,13400.0,19856.0,
18937.0,13328.0,12738.0,9789.0,11763.0,17824.0,17952.0,13224.0,18292.0,9927.0,11418.0,16301.0,18532.0,11186.0,16604.0,15675.0,18800.0,7418.0,8603.0,7836.0,18992.0,7729.0,11386.0,8801.0,15312.0,9180.0,11465.0,8383.0,13405.0,
15632.0,19887.0,17512.0,18234.0,16162.0,10078.0,13533.5,16989.0,11425.5,14328.0,13564.0,13639.5,13715.0,14560.0,8933.0,19147.0,15772.0,12397.0,15392.0,18824.0,7375.0,9611.0,17274.0,15162.0,8659.0,18132.0,14522.0,16322.5,18123.0,13306.5,8490.0,19730.0,9767.0,7859.0,9668.0,11477.0,16542.0,13807.0,14025.0,9553.0,18883.0,11180.0,9772.0,17811.0,8646.0,16620.0,17621.0,9461.0,
10486.0,9854.0,13887.0,17433.0,6931.0,11911.0,10800.0,17834.0,6918.0,12221.5,17525.0,16695.0,9120.0,15287.0,18808.0,15670.0,8815.0,19848.0,17241.0,14634.0,16807.0,7752.0,14511.0,13289.0,14987.0,19004.0,10752.5,15652.0,10812.5,14176.0,9173.0,
14207.0,9774.0,18636.0,9547.0,18936.0,17660.0,16195.0,11654.0,16953.0,12763.0,13253.0,9826.0,10458.0,6958.0,19973.0,11796.0,9116.0,10023.0,17574.0,17677.0,12313.0,14455.0,7110.0,6915.0,15910.0,17327.0,8975.5,15693.0,9107.0,12620.0,15672.0,7517.0,7538.0,18073.0,16017.0,13961.0,13130.0,14808.0,11569.0,14001.0,11617.0,14011.0,13008.0,12437.0,
12913.0,12438.0,8146.0,12959.0,18172.0,7759.0,12482.0,9274.0,7845.0,19353.0,17036.0,17015.5,16995.0,7369.0,19424.0,15840.0,15650.0,15460.0,9209.0,16322.0,14811.0,10788.0,10738.0,7421.0,10752.0,19210.0,17423.0,12959.0,9097.0,17018.0,16726.0,16984.0,15803.5,14623.0,14267.0,17545.0,11286.0,7445.0,13073.0,8689.0,10245.0,7041.0,16438.0,10010.5,8799.5,14016.0,15898.0,
15907.0,13314.0,7593.0,7553.0,16241.0,8599.0,13870.0,10897.0,16975.0,7400.5,11869.0,15299.0,16794.0,16335.0,8753.5,10959.0,10548.0,18771.0,12378.0,8998.0,8822.0,13767.5,18713.0,10945.0,9575.0,13737.0,17899.0,17220.0,16644.0,15820.0,16317.0,7556.0,11573.0,14022.0,12456.0,13214.0,15765.0,15924.0,15049.0,11842.0,17621.0,14719.0,13031.0,17028.0,12796.0,8514.0,12686.0,8295.0,9744.0,17817.0,15877.0,19537.0,
12750.0,10674.0,7284.0,11011.0,13777.0,16934.0,11938.0,11910.0,18679.0,10666.0,9970.0,10215.0,12562.0,19915.0,16505.0,13095.0,10559.0,10830.0,16792.0,16847.0,
11964.0,18999.0,17204.0,11483.0,14840.0,16239.0,12951.0,18362.0,8533.0,15692.0,10467.0,14357.5,18248.0,11493.0,13003.0,14513.0,18034.0,9708.0,19090.0,
13373.0,14605.0,17205.0,11318.0,7308.0,7080.0,10572.0,17225.0,10770.0,12206.0,12968.0,12236.0,15130.0,9073.0,10982.0,8587.0,11918.0,13479.0,15597.5,17716.0,8094.0,16541.0,14357.0,15510.0,
14267.0,17480.0,8958.0,13945.0,18932.0,9559.0,19685.0,16553.5,13422.0,15813.0,12451.0,9089.0,16906.0,11883.0,7340.5,10506.0,9822.0,18723.0,9075.5,12954.0,14727.0,6972.0,10871.0,11901.0,17014.0,10398.0,11803.0,13208.0,9405.0,7315.0,13724.0,10022.0,11975.0,18083.0,14155.0,10227.0,15366.0,7305.0,16672.0,10620.0,8301.0,9511.0,17233.0,10709.0,18610.0,19095.0,12524.0,18756.0,15759.0,10738.0,16961.0,
7325.0,15184.0,16002.0,15659.0,7848.0,14924.0,8208.0,16106.0,8401.0,10990.0,7868.0,9628.0,16489.0,17337.0,9601.0,8500.0,16854.0,19972.0,
12700.0,10912.0,7841.0,19476.0,18130.0,15560.0,16431.0,12341.0,15562.0,10860.0,13506.0,11368.0,9230.0,14594.0,14128.0,7416.0,8075.0,10776.0,8594.0,15829.0,15184.0,13133.0,
11322.0,17491.0,19024.0,9378.0,10315.0,18946.0,13489.0,18774.0,11547.0,13366.0,12726.0,10369.0,8012.0,13923.0,6840.0,6980.0,13712.0,9045.0,15644.0,6890.0,14268.0,13722.0,13272.5,12823.0,7163.0,16566.0,9487.0,15794.0,13962.0,19812.0,7094.0,14298.0,18852.0,10998.5,15383.0,12408.0,9433.0,11347.0,13261.0,17788.0,19428.0,9700.0,7754.0,12078.5,18349.0,14558.0,18442.0,7036.0,12920.0,19193.0,13401.0,10276.0,9337.5,8399.0,9392.0,12613.0,9706.0,
18252.0,18066.0,16962.0,9764.0,12843.0,15824.0,7972.0,17606.0,15225.0,11695.0,7096.0,17079.0,19464.0,13494.0,10918.0,7593.0,19287.0,16590.0,10528.0,11364.0,16063.0,11974.0,16598.0,10127.0,11186.0,17842.0,17586.0,19473.0,8060.0,
8926.0,11793.0,9513.0,16051.0,11662.0,15123.0,17675.0,14679.0,18715.0,18885.0,16960.0,9580.0,12177.0,18279.0,13718.0,12099.5,17968.0,18089.0,19328.0,10892.0,17924.0,
7091.0,15853.0,16089.0,17477.0,18248.0,16385.0,14947.0,13238.0,19848.0,16830.0,17853.0,7785.0,13102.0,8803.0,12238.0,10345.0,11016.0,18368.0,13862.0,18713.0,11033.0,9669.0,18590.0,14724.0,7121.0,15239.0,6924.0,14235.0,19803.0,14779.0,11836.0,17101.0,10087.0,
12246.0,7346.0,17094.0,10112.0,18987.0,15970.0,12822.0,18958.0,7604.0,11166.0,7994.0,16555.0,9424.0,13587.0,17301.0,11026.0,13103.0,19116.0,7924.0,9319.0,13384.0,
16066.0,13895.0,18883.0,11268.0,17008.0,10678.0,8303.0,17104.0,14015.0,15235.5,16456.0,12256.0,8056.0,16078.0,18438.0,11311.0,15587.0,12926.0,9512.0,10831.0,10368.0,17763.0,9176.0,10508.0,17266.0,7490.0,19027.0,19401.0,
6918.0,7736.0,7654.0,8086.0,17581.0,11528.0,12639.0,12290.0,13659.0,15040.0,8749.5,14587.0,9249.0,7493.0,7190.0,9434.0,10120.0,8516.0,17842.0,9423.0,
17837.0,9392.0,8912.0,7423.0,14527.0,6739.0,13326.0,19729.0,16778.0,10982.0,16859.0,12106.0,10355.0,18254.0,7805.0,15596.0,13012.0,8095.0,15502.0,18363.0,12302.0,14540.0,8147.0,9844.0,14003.0,8859.0,10534.0,14036.0,7653.0,18969.0,19455.0,
17649.0,15906.0,11098.0,17670.0,13535.0,19416.0,12971.0,7466.0,17126.0,7440.0,16090.0,16098.0,15227.0,10162.0,15155.0,16520.0,10252.0,16168.0,17569.0,10716.0,10245.0,15064.0,17617.0,11502.0,13756.0,10828.0,8812.0,9304.0,19352.0,16433.0,10531.0,9096.0,12889.0,
14065.0,10730.0,17030.0,12318.0,19373.0,15569.0,15406.0,8671.0,9688.0,8913.0,12324.0,15735.0,12919.0,7780.0,16691.0,17770.5,18850.0,8533.0,15202.0,13351.5,11501.0,10026.0,9032.0,17507.0,8084.0,
14426.0,9399.0,16475.0,7146.0,16996.0,15663.0,19790.0,10418.0,14029.0,12752.0,16305.0,9435.0,10898.0,10406.0,14495.0,14753.0,19961.0,7323.0,15721.0,14640.0,10648.0,13772.0,14533.0,12551.0,14473.5,16396.0,7787.0,12870.0,12196.0,13547.0,8228.0,12962.0,12314.0,8389.0,8400.0,19238.0,16782.0,17624.0,8431.0,17654.0,9143.0,6963.0,
18183.0,15781.0,12648.0,19658.0,13421.0,6855.0,6837.0,15636.0,7330.0,7720.0,16247.0,13162.0,10703.0,19916.0,12957.5,15518.0,10429.0,13335.0,11863.0,18944.0,18106.0,19448.0,11468.0,10160.0,9203.0,12175.0,11184.0,10825.0,18338.0,
16015.0,18802.0,6978.0,8941.0,7271.0,13945.0,16371.0,17252.5,18134.0,16504.0,12900.0,7160.0,17107.0,
19146.0,15419.0,17445.0,12455.0,9733.0,18992.0,17034.0,19311.0,16465.0,7499.0,19822.0,10670.0,18457.0,14216.0,7929.0,18825.0,10255.0,18302.0,8910.0,8508.0,11236.0,16195.0,18320.0,12618.0,9523.0,18538.0,
15065.0,8175.0,15221.0,9527.0,11023.0,17298.0,15381.0,18162.0,19559.0,11026.0,18986.0,9660.5,17238.0,19438.0,13279.5,7121.0,16069.0,7694.0,9601.0,8113.0,18182.0,13917.0,14853.0,8438.0,15088.0,10509.0,
13574.0,10498.0,18574.0,9231.0,15512.0,14300.0,11134.0,18704.0,7447.0,16363.0,14987.0,13106.0,12029.0,19234.0,19161.0,10211.0,12247.0,16392.0,8901.0,17650.0,17463.0,10272.0,7259.5,6811.0,10334.0,15729.0,9464.5,8010.0,10887.0,13764.0,11313.0,8775.0,18144.0,16035.0,15698.0,13557.0,8126.0,10313.0,11712.0,
14380.0,16933.0,8523.0,18916.0,16919.0,17295.0,19740.0,14841.0,19358.0,11963.0,11799.5,11636.0,7307.0,6863.0,8798.0,10350.0,10901.0,11452.0,17344.0,17733.5,18123.0,12117.0,12251.0,12385.0,12639.0,16277.0,9946.0,13635.5,17325.0,15452.0,19850.0,6766.0,19972.0,14752.0,17028.0,
18729.0,12142.0,17317.0,10393.0,7799.0,19991.0,18195.0,19073.0,19984.0,10278.0,12659.0,16746.0,10476.0,8578.0,14743.0,18320.0,9643.0,11659.0,14744.0,10933.0,15733.0,18013.0,16036.0,11205.0,13084.0,11956.0,11626.0,14989.0,17987.0,8993.0,6834.0,16928.0,10543.0,11747.0,
15451.0,9068.0,16496.0,11925.0,15794.0,16070.0,12564.0,8132.0,17851.0,14968.0,11024.0,13407.5,15791.0,9540.0,18267.0,14524.0,14934.5,15345.0,9334.5,16707.0,12805.0,8903.0,6816.0,12045.0,9272.0,12411.0,14612.0,18937.0,13699.0,15929.0,12813.0,7070.0,7914.5,11676.0,17358.0,18590.0,19822.0,17218.0,7897.0,15516.0,12904.0,9222.0,12598.0,16121.0,12232.0,10744.0,13488.0,
14657.0,19515.0,16524.0,8389.0,6899.0,14332.0,18340.0,7236.0,15737.0,14858.0,13979.0,6933.0,8426.5,9920.0,13189.0,19214.0,19380.0,9656.0,11854.0,11144.0,19032.0,19366.0,9373.0,15140.0,16277.5,17415.0,11203.0,13178.5,15154.0,15469.0,18166.0,6805.0,11929.0,18736.0,
14859.0,14967.0,7715.0,13668.0,15134.0,18521.0,8285.0,11878.0,19815.0,18718.0,19689.0,8133.0,10374.0,9219.5,14746.0,15810.0,11012.5,11640.0,17065.0,12418.0,14602.0,6774.0,13264.0,17231.0,16692.0,10189.0,
16301.0,13775.0,10273.0,12142.0,7443.0,19932.0,15844.0,10659.0,17921.0,18229.0,8208.0,8720.0,9885.0,14361.0,19861.0,11354.0,9870.0,8230.0,18574.0,18190.0,10949.0,15414.0,15993.0,13047.0,17255.0,8818.0,19232.0,10688.0,15207.5,19727.0,15212.0,10307.0,18760.0,10365.0,19023.0,19660.0,18206.0,16752.0,18778.0,12168.5,10503.0,9926.0,14191.0,16918.0,13138.0,18806.0,15500.0,8476.0,
13993.0,18046.0,15134.0,7904.0,18489.0,14360.0,15406.0,7103.0,8972.0,16133.0,17511.5,18890.0,12611.0,18496.0,10870.0,15424.0,8036.0,7748.0,13052.0,18356.0,17418.0,15619.0,7011.0,16950.0,16199.0,15415.0,17541.0,11281.0,13290.0,8282.0,10975.5,13669.0,8884.5,7087.0,9856.0,
17668.0,15078.0,17166.0,18840.0,9923.0,10525.0,7508.0,9740.0,12444.0,7628.0,14285.0,11573.0,12737.0,15532.0,15445.0,16207.0,17785.0,13660.0,9535.0,10879.0,12223.0,17623.0,16265.5,14908.0,14445.0,14388.0,15023.0,15223.5,15424.0,16692.0,12205.0,11542.0,9195.0,8550.0,14778.0,19827.0,15758.0,7051.5,9176.0,7834.0,11477.0,7352.0,8773.0,16014.0,7056.0,9002.0,16785.0,8116.0,18285.0,7071.0,
14785.0,12617.0,6860.0,13354.0,13541.0,17780.0,18029.0,11637.0,7007.0,16813.0,17126.0,10035.0,11542.0,12776.0,16098.0,8801.0,10302.0,17590.0,14424.0,10393.0,13762.0,
13662.0,10823.0,14706.0,15735.0,8856.0,12013.0,10226.0,14596.0,19863.0,11250.0,16914.0,8418.0,7269.0,19949.0,9753.0,13495.0,17237.0,12991.0,12724.0,14094.0,7756.0,11452.0,9086.0,8686.0,12267.0,15461.0,18522.0,10234.5,17917.0,7690.0,12285.0,18951.0,
15658.0,16762.0,11196.0,7219.0,19225.0,17572.0,7477.0,11638.0,16103.0,15975.0,7513.0,18149.0,14356.0,8380.0,9493.0,10606.0,18963.0,15808.0,11178.0,8718.0,7406.0,11626.0,8705.0,16708.0,16005.0,10063.0,7510.0,17937.0,10325.0,13818.0,12984.0,13868.0,12624.0,14662.0,
19735.0,11754.0,13626.0,8310.0,10191.0,9315.0,18822.0,19862.0,8893.0,10947.0,17740.0,14618.0,9806.5,18936.0,18573.0,8096.0,16541.0,6961.0,13202.0,12502.5,11803.0,12359.0,8219.0,11197.0,11358.0,7459.0,9123.0,13073.0,15582.0,14810.0,12973.0,18680.0,13539.0,17018.0,19732.0,19429.0,19126.0,13819.0,10680.0,15444.0,7001.0,11512.0,18779.0,19600.0,14454.0,12069.0,12276.0,11761.0,16210.0,17542.0,13855.0,
14620.0,6906.0,18858.0,18301.0,14163.0,10974.0,12802.0,11273.0,19796.0,19991.0,7634.0,8962.0,19779.0,9583.0,12643.0,9731.5,6820.0,13279.0,8200.0,15409.0,18752.0,8266.0,8080.0,14619.0,
9550.0,14311.0,10347.0,12697.0,11214.0,10914.0,18950.0,8582.0,15889.0,8589.0,9624.0,10659.0,13620.0,16581.0,16120.0,15853.0,
12196.0,13114.0,13438.0,6909.0,9098.0,16666.0,11932.0,13291.0,11367.0,19173.0,9668.0,17213.0,11086.0,
14325.0,19807.0,9803.0,6864.0,7030.0,13706.0,10863.0,8214.0,7357.0,12642.0,18210.0,15739.0,9403.0,16464.0,8162.0,
19964.0,7661.0,14486.0,13880.0,13697.0,15682.0,13717.0,7759.0,18022.0,12758.0,13281.0,13907.0,11966.0,18709.0,11113.5,12795.0,19507.0,12808.0,19174.0,15730.0,12745.0,10711.0,19118.0,17365.0,16159.0,10924.0,18811.0,18134.0,17457.0,10272.0,16693.0,17449.0,8112.0,13394.0,13867.0,13876.0,19277.0,9494.0,7396.0,18725.0,8903.0,13923.0,
19989.0,11659.0,16705.0,13124.0,14309.0,15592.0,8885.0,15394.0,8537.0,11542.0,11775.0,12010.0,8095.0,10539.0,
9600.0,7158.0,15486.0,13981.0,6822.0,13640.0,16698.0,19730.0,13503.0,12523.0,16823.0,16967.0,7201.0,12353.0,11449.5,10546.0,10457.0,11646.0,10230.0,8814.0,14877.0,10920.5,6964.0,8522.0,8597.0,7624.0,11776.0,15928.0,17144.0,11640.0,16777.0,18275.0,9968.0,7159.0,18361.0,8262.0,16208.0,8365.0,
7444.0,6798.0,9652.0,14286.0,10108.0,18686.0,15428.0,11149.0,9352.0,8907.0,8462.0,11619.0,19309.0,9682.0,8824.0,
9189.0,15297.0,17993.0,13254.0,17595.0,17545.0,16357.0,10841.0,12524.0,16197.0,11969.0,15267.0,12191.0,14747.0,14710.0,16628.0,18308.0,19988.0,16460.0,15486.0,14817.0,11945.0,9611.0,7656.0,8682.0,
8751.0,7149.0,12501.0,12023.0,15226.0,12485.0,7818.0,10197.0,9423.0,16822.0,19300.0,19096.0,10096.0,16119.0,17849.0,12342.0,6835.0,15830.0,18837.0,10878.0,9217.0,15913.0,16281.5,16650.0,8890.5,15656.0,18011.0,12391.0,10381.0,10538.0,18480.0,17080.0,15395.0,15611.5,15828.0,8127.0,10460.0,18129.0,16066.0,
13601.0,15257.0,6998.0,19233.0,16403.0,14855.0,7558.0,17247.0,15821.0,15959.0,13022.0,8618.0,14332.0,12396.0,17721.0,18872.0,8674.5,11979.0,16697.0,11803.0,14330.0,16857.0,15713.0,8883.0,6965.0,17319.0,
13716.0,17855.0,12049.0,11889.0,18038.0,12576.0,13187.0,11425.0,18455.0,10235.0,15982.0,12740.0,19585.0,18474.0,11717.0,12610.0,8199.0,10109.0,16354.0,9229.0,7204.0,11507.0,
19857.0,19560.0,17258.0,10393.0,16387.0,13619.0,12776.0,17997.0,16380.0,12714.0,10459.0,19500.0,17927.0,8211.0,19114.0,18215.0,11164.5,9442.0,18013.0,18316.0,14343.5,10371.0,11245.0,17118.0,16964.0,8464.0,14023.0,
10263.0,18902.0,8617.0,14644.0,19935.0,7305.0,18724.0,15272.0,13435.0,8710.0,18462.0,18578.0,19177.0,11049.0,13182.0,15315.0,15798.0,7557.5,12192.0,6843.0,8969.0,10227.0,16432.0,17840.0,14826.0,18938.0,17247.0,12354.0,16663.0,7943.5,10756.0,11451.0,12146.0,6748.0,8913.0,8124.0,10600.0,16808.0,8550.0,18692.0,19451.0,13414.0,7377.0,10539.0,15426.0,13547.0,
10837.0,19468.0,17913.0,7469.0,16274.0,9690.0,8001.0,13283.0,16866.0,8943.0,14922.0,9429.0,14022.0,15968.0,18983.0,13591.0,8199.0,18659.0,12103.0,9466.0,15988.0,7105.0,11699.0,18564.0,11360.0,18278.0,13192.0,8106.0,17101.0,7224.0,14563.0,13590.0,13431.0,19068.0,9904.0,15648.0,10685.5,12720.0,8510.0,13927.0,18128.0,14293.0,7422.0,6742.0,9001.0,19882.0,8298.0,12553.0,16697.0,
